[
    13104312851388067398452158410980007409935191118611534470130694987694392523325,
    9529981917706746317007056984476201760943194738692504998034558202249532772280,
    18654981179325678686938355387745637207498473067782124298690948001758219246857,
    18999759433657479019498956508185357286816584794271026992945844029707119334764,
    18589868827301183725254113024020713226611245982132117950491286358527976672999,
    13190984325669599884849940170655771152671914940933553896042924898286341111811,
    6074351881830694168047282561982111350499331315385337108301912210788932301654,
    0,
    0,
    0,
    0,
    0,
    0,
    0,
    0,
    0,
    0,
    0,
    0,
    0,
]
