[
    [
        0,
        0,
        0,
        0,
        258,
        22021,
        0,
    ],
    [
        0,
        0,
        0,
        0,
        260,
        4192,
        5,
    ],
    [
        5,
        0,
        0,
        0,
        262,
        22019,
        5,
    ],
    [
        5,
        0,
        0,
        0,
        264,
        4448,
        3,
    ],
    [
        5,
        3,
        0,
        0,
        266,
        16400,
        3,
    ],
    [
        8,
        3,
        0,
        0,
        268,
        24576,
        3,
    ],
    [
        8,
        3,
        0,
        0,
        270,
        0,
        3,
    ],
]
