[
    17334395722299672441718429218237777491516500674801380497891547466848781466880,
    16665548319750628604219208683108605982529051533049782524124833339024484818570,
    19181372984671214253406088454799230807685453844665209980902419453551724694401,
    8409197684857838227183114338823273774417981650111201492890956757892432304134,
    8517350381380768011872193244691483077580564583972207126060806388957788747562,
    11414260848879985282266523951173779991216026823492290401607367610693283650825,
    12360729685463105665094322618100102879896613675529548458250874453564220012259,
    0,
    0,
    0,
    0,
    0,
    0,
    0,
    0,
    0,
    0,
    0,
    0,
    0,
]
